1051
135402046
773
5136
1060
994
253
305
866
232
54676860
1103
424
389
738
224
5280934
617
876
1153
21158442
5368396
595
1110
1072
343911
611
745
74934166
750
46705323
1050
586
857
1148
594
1130
5315257
5280581
833
205
928
135444779
446284
602
1182
445354
2116
1054
864
791
2242
5363362
4055
238
614
190
236
4889
5324346
5650
5038
4534
3379
2284
3007
942
2684
3958
59768
5281077
2563
4771
52195
5523
191
2369
3365
5591
4603
2519
5314
135398744
71329
4993
5052
5472
60164
4195
4679
41781
2771
156850
2368
4259
5749
4451
3762
3375
3706
38521
3962
3226
2635
4715169
5391
4121
4649
3022645
4197
4842
2479
4463
5353853
4630253
2481
1546
56959
4075
60854
4163
2512
3687
2955
5404
1775
4043
448537
2812
5333
401
135409400
2578
5344
4171
688020
54676038
5353493
5095
11289
3784
2140
7741
5514
2626
158781
2179
2153
2232
861
3114
3676
4674
2781
21021667
5656
44208950
2133
6850813
2708
36339
135450461
14883207
4253
71273
2474
3033538
135398748
3364
9912811
4659180
351727
8275
82146
60753
2732
3295
4737
3121
5731
1983
123631
2828
4835
3066
2160
3363
4659569
3384
3648
3715
3279
4091
4095
2249
5447130
4594
1046
4167
2678
5405
3076
4976
2148
2092
5576
115355
2789
4048
2723601
4140
6729
5353428
2733
2145
4046
5215
135402045
72474
3162
4542
951
466146
4205
4064
5440
5478
11246284
5572
9882672
3181
4178
30623
2162
1935
4642
5546
4919
4782
31072
5355
3290
4497
2307
2576
4920
4786
216239
68740
3512
4499
5735
2118
6834
3468
3964
54940
2551
77999
4885
1989
2174
4731
5193
5150939
4926
5267
4158
4107
5732
3324
5282443
5300
2642
253083
4917
2913
2315
135401907
5353507
5353521
5578
3461
135605572
3003
5396
1691
298
3956
3883
3105
3168
853
4454
4058
3957
2612
4893
3696
5284513
4409
4099
3826
3229
1065
54677971
2978
5284590
3386
10770
9034
122252
2726
5071
2142
216326
5035
2662
2435
3041
39860
51081
2123
5253
2477
51577
5916965
5281081
5726
72054
4635
4760
3397
5509
2756
3559
3912
20299
41684
5568
853
564
3008
2082
5525
2583
2329
449171
4170
5510
3025
65866
3415
176870
2907
4060
5090
6413100
3520
2764
3005573
4543
2311
2170
3385
4991
37632
3000
2266
5717
657298
1990
4739
4114
54676228
3878
6432
3658
5721
104865
3156
2343
4112
2554
9354
2666
1547484
4946
3342
3337
2803
5328
135483437
2560
4020
119607
3872
5231054
288
3222
3033637
3033
6436135
3399
3938
3157
3381
4837
3291
16231
78383862
3869
3000715
7638
3929
4042
2769
1548887
2910
23568
2719
2761171
4087
2487
2405
2165
5323714
8280
5291
5544
249098
4474
3372
5408
3203
938
2809
5702063
2088
354624
68602
5320
4900
2796
2247
47472
191
4677798
135469568
4030
3180
15330
4211
5155
135402009
3182
4736
56593254
698
5533
4032
71158
15459
2520
5577
3375
9047
4493
838
5358
4848
5943039
2727
135761774
3449
2733526
2345
5936
3961
5452
34633
54678486
4192
5496
22052964
541123
5281078
3309686
3393
4474936
5775
16850
2958
3440
3251
5487
6604200
4475
21865526
2177
4100
4428
5625
121829
41693
3877
60852
3052
3394
4608
2215
4691
50294
4536
60871
19861
25419
4914
3937
6082
57469
5584
4510
4460698
5430

5073
47641
4594
4034
4735
3596
5070
3640
453
60490
4236
2564
3308
4906
3241
5530
3763
3292
444795
3598
2806
3874387
3750
1349907
4659388
3125
5830224
2342
5281071
408334
5353401
4004
3310
3647
5486
34312
4940
4421
3675
4934
450
4044
21867770
135398513
1302
4169159
6194
5587
3561
4909
2540
5504
5381
3341
31640
51263
3042
4199
4740
4935
3702
5593
2381
5064
4781
3345
54677470
4086
287180
4943
1986
4687521
2581
3117
3304
1676
1254
6057875
2762
3417
3016
4762
5566
6839
2609
4196
6834
3955
21917761
5503
36811
4616
3152
4419
2794
3392
6058
3913
8271
4748
5032
5394
3918
137
7697
1549008
3167
4727
4894
3059
135400189
5039
2341
2119
31729
3154
5359
5403
151171
22227703
3516
5281881
5281037
2713
9837769
2720
5005
1548955
3780
5245
57697
21865524
2471
4033
667476
5336
4633
5407
4460696
5556
702
60815
135422442
35330
14677
3278
4595
44208953
5466
2826
1065
5734
122172918
5479
4547
8944
8249
2130
4173
16219826
123606
2021
3827
2476
60867
5229712
2895
4768
5282375
3325
1805
6030697
54684452
4078
4011
4636
338
7029
4037
4097
3601
2911
5718
2244
54680692
3478439
43085
3331
3348
3767
4440
5078
4460
411697
9576068
4159
4828
4062
5719
60726
2216
65999
124087
4138
2099
2267
4979942
6049
3108
3285
3948
2905
9881626
4811
5282379
3410
4435
3494
596
681
5077
4460995
4614
157922
2265
3446
1691
5284561
3639
2748
2083
2474
2882
135398740
3657
3902
5482
2478
3825
3202
4174
6101856
2791
5329
3488
3519
2370
2724484
5560
5280483
3333
446541
2161
3823
4116
3749
5515
3284
4911
667490
5352018
4913
5512
5195
18104
3339
5426
4053
4054
5379
22055035
3382
1971
3672
54678491
2349
4507
3862
38945
10548
4891
4539
2171
2271
4634
17676
3779
896
44310888
3478
2802
4927
5353584
4066
3367
4746
3100
2250
3305
5665
13505
5297
3219
4819
2337
4908
20838499
518697
5850
2484
4605
679
3593
5353627
4612
3899
6239562
3366
16362
400633
123639
237
5203
5210
4162
535161
4189
5353516
4680
2725
4485
23576
2157
3019
3475
4753
7099
5505
2197
21874792
3198
2375
5029
52421
4923
4829
60937
13126
2585
4583
5342
2616
2610
667477
2141
3038
5351
3103
2814
3354
4449
5353505
2995
65863
3032285
9571107
444
5583
2431
3562
8612
5401
12877832
4583
2754
3793
4915
3518
4235
815
4601
4763
2771
6726
3685
2717
4865
5353923
3690
4932
4425
3151
3387
4745
3037234
2749
42113
2786
3337
4639
1978
3504707
3356
18140
2550
5735
1211
2443
59708
4411
4212
3373
3950
5362391
5257
4630917
3914
5896995
3406
31477
3261
3350
2187
37393
6914273
3821
2462
5002
10517
48041
4723
3055
4168
3003
836
5206
2444
60795
667467
5462154
3463
2801
2722
2351
2968
5574
3759
91610
3047758
3250
3062316
21954928
208908
578798
11306691
16886
23545473
1134
115237
5329102
170361
3410
3637
248862
151166
3343
32778
4845
2372
739
4883
5322
17134
11284707
56339
5281052
4870
6307
2614
2618
4630261
2630
2638
5353510
2673
14955
4675
4475098
4475886
2751
132706
60921
9890723
60919
2164
6464
6473
10518
3608
4080
4724
3730
5032
3677
4916
122316
2863
9565
5230728
5230270
2866
39042
2833
12803450
5161
4456
3916
60021
2949
2783
54766
21867111
4887
5429
5353490
13035349
5281102
5362067
54676537
68723
5410
4689
19910
54120
6009
43008
2073
3698
4632
2218
33887
2096
10517
623313
2206
42609152
3487
62296
10413
151182
26175
86843
10668
10257
9287
92196
21863261
521796
3592
62278
1615
23297355
625380
24728635
61791
6090
17036
13493
14584
61306
62787
3303
27402
46424
53461726
62309
519213
31721
6471
73117481
48194
3563
61583
273177
544534
579094
19527
2294
62065
13873139
4786
27453
6089
37367
16630
13331
3302
3003157
518962
28397
61118
14299614
34328
62370
22715970
61122
31862
1614
17925
627484
273177
21917756
2340
31016
62516
62751
517915
10517
62528
223407
251910
519587
25223
85875
9648
11301
521115
62307
6833
19094
62156
2193
98527
520915
62529
351707
578953
32938
14324933
3380
3299
8367
4637
4491165
62436
61810
3063
61118
2816
25440
10517
10007
62281
2441
2811
107786
443
60977
2707
519213
273032
105039
3369
19073920

62279
61996
3780170
518919
3007
1206
4172
12460
4631
5325
5327
5645
33746
4890
4999
9885319
3033621
4506
20835514
3695
4912
5468
2282
4103
4490793
4857
4836
5471
4747
135398519
3652
10026
23723
6077
26035
3678
23897
11291
4761
62867
9429
941651
5311507
3775
4688
3928
123619
1821
15606
1041
4475487
3289292
419715
102459
453
5168640
21158737

2108
1139
449159
5280961
6180
9903410
4633089
637540
14309956
422
449193
5180212
3330244
4476119
449463
131738
4469371
135403646
283138

7997
19
57511172
8376
444266

448670
2334
4477692
3355731
5288320
501
294
2879
1944
982
5288607
19001
875
4469994
871
5293655
5288385
200
6564
547
446611
6398417
5287744
76
59
9923
21145306
1165
541646
652
4627391
2681
657131
3400923
5068681
5801
1198
806
2775510
2069
446060
1628
78
94599
13755335
1015
791
107304
2537
4475489
857
4347
8071
6862
65552
193
54695768
4635322
696
6272
3840
33166
57261890
96
3370245
5353985
447682
250399
1282
4063354
447488
11560568
198
670
342
95034
2526
5381214
8515
988
120231
647
602
4635105
5193336
154575
2030
448008
1066

448674
447901
165879
4470572
37851
99963
4478778
1400
21158719
114683
73
3318421
4476951
2592
4471891
3355730
1005
4470793

27682
4632557
135460982
76008
657081
6329
2208
3386235
446167
275
4628498
22315796
446399
189
128600
1030
21145390
298280
1603
4632550
6228
5151292
649
6384230
16028
5280863
1808
385
832
138692866
60
1601
1166
552632
135476260
5287720
413605
4477694
3364674
4473088
23644491
79038
135400688
2281
3361272
3102
23644066
689043
5168881
69000209
21158882
4470972
736
556492
5489
5192838
2243
448998
237657
16842
1806
135460974

4065234
24749
3522486
1045
8063
219973
4476956

850
10313
178518
68238
3283973
1779
12023
4616292
133842
993
135492074
110993
1800
5287747
3922
284
3476986

2403
5287463
447725
3496445
448014
3504
104994
27934
5092
8064
1123
7933
3537
656969
135542606
256622
4589477
1612
23644058
10386467
17754199
736715
135400774
3354087
4468929
4471190
11885
447732
2108
4636047
17924531
610
102807
285553
5431
11597740
4259412
445376
1522
4470178
7970
1649
3364670
3534
3332061
448436
5289089
208
447371
4318
5279
3286787
447994
135402025
1949
4635107
2138
4471188
2120
3349
777
135497481
107
3860
3439
439092
4357
212
135402046
2550
54676102
5363
3572
2778865
2733981
2931
3354085
95014
90255
1433
8060
4631019
22810
3387240
5111
230
7419
19241
44208918
1221
1633
192
7967
294
20832504
4629153
326807
449593
4290
846
4368
1521
637090
135402047
422
4630708
8189
286
446308
1499
135410924
673
535
446275
281246
445383
4393
447956
3286786
7054
3009363
596
2027
17754138
2108
3349
9958826
359064
447815
3870203
5287509
7908
12717
448651
448062
5287547
7464
4183640
4592
21826437
135398568
4197136
10927
27929
23422347
697959
3073
3281176
648
54675858
11815987
5724
1188
23644263
3050
445990
2785
1337
1053
447029
263
3355727
5168639
3813
109
3465630
21145386
440717
1030
4628304

7259
4631218
4939
11788290
5287830
5326637
1472
738
867
448317
998
445155
135402022
19001
2358
5195972
3247
1460
972
277251
6054
2829
5288238
1167
5288527
6227
9084
7896
6406
119066
1893
1055
12374
15179
4085

2882178
225710
23644479
1735
70815
1296
446241
23644231
471
5289507
20589356
315411
135402048
289
233487
5139
847
152
4277538
473
11579
20194
2507
69702
135497479
4636208
21158759
8076
955
11575
57484240
4631605
3498
640
4354
9887303
448661
1755
967
729
4469802
137936
3371
828
446367
446978
5288123
1021
29096
173
3289294
4699
446816
135403820
11915
1292
265953
149
446854
57484488
100714
23644082
5287541
4527
448379
31260
118458
2233
86820641
135479147
4469587
1283
13073931
4629343
21145404
168131
99129
208
135402012
11113761
466

3832189
495
23644348
23644468
5127848
3776
1562
8172
2561
4468932
689
656446
15689

3518587
930
447560
352294
3354088
1573
78057

4615193
65241
4370
90334
23644034
445756
3476988
135526790
448969
4476325
3353975
978
1813
3354086
1318
1260
11506771
4469807
22283604
81831
445779
3400856
5281672
3479
135398634
206
135402019
3253680
4484
53359
54708743
135408877
182612
447873
447088
135488878
14582274
3274878
1667
12219
3326906
447733
3429
4470790
448650
447098
9584
175468
7991
4564
23644469
4469579
4369479
17754016
8894
4610750
3085031
151456
3342293
1483
262
104406
449125
1166
23644121
5289158
5353642
447021
7124
446237
1144
593
21145352
3286784
78386
448748
4476501
118290
3465283
1554
3484
4632551
12530
1622
3496896
113558
1151
23644417
49866988
314
46936391
279819
159772
4628689
657073
1507
7504
445576
847
4471897
4659390
4527
135521743
447735
4469368
3292431
3350249
3477612
80654
1016
57349623
507
316
15906

135403591
4635864
447622
4633093
3848
135415618
641
453627
23644395
10307886
1855
463
135424440
3711
657149
5193334
54678486
448400
1549107
3283966
87650339
3281376
6989
16133778
754
611
7345

8987
439811
4468925
3479
274

4631785
119
6590
292661
15624
2144
751
447652
135402052
448524
4476502
12473
445992
5326713
5311
135402013
618
4473285
448972
9799627
445995
4489668

994
4802
21145381
21158889
3426
135476784
3994
3334071
447077
135413525
4628820
4711
207
4122778
4631415
23644489
6581
70931
23530988
444617
448513
72792
3413
4471182
675
2556
5353939
637
2469
3104
3378329
4636202
135461936
4631786
92143
1604
445967
4628821
6568
23644364
4335
1007
445770
22242368
62452
21884688
447339
3298049
5221296
137895
57484570
444764
135479029
73509
22390130
21157547

2219
259380
23644457
1941
3260017
119835
5353634
136449
1950
84704

4474230
79124
449088
85
75367
6407
448024
2930
424
3973
609
4145310
303
9578243
1829
4794
3382772
3342291
4636203
3378331
3737656
444235

3359495
3355891
125132
739
9864
7452
4470174
225441
5076192
123991

135398517
3841386
27682
3286785
113556
4657564
310593
4310
5289090
4632235
936
5820788
69272666
11292119
1263
448673
445154
656417
23644263
5252
10972
5643
21884688
135887824
870

4632554
77022
4632236
21159197
529
447030
5289613
4477695
5180217
4367562
4629343
178
6102439
8617
2605
3829
294
1177
1017
6961
763
563461
448965
3283802
91665
1048
3744
4185783
23644175
4628125
447532
123648
1942
23644460
16064
61207
4470575
1115
2084
10442
14253
1495
8153
21866593
57484478
447742
23644405
179
1027
3393251

7478
135408959
4131
5288792
135521067
4475296
4631217
220862
4470979
5643
8019
10350
449547
2439
117765
220224
18454355
4660278
5180213
23644063
440017
1300
4392
4391006
70119
546
445062
4628829
131153
446325
23644014
1003
447961
448658
737
135512650
4632018
440046
1491
150238
466

3396560
9934
3386158
5740
4324
5446

614
225
4468718
7752
765
6125686
446242
23644530
4632707
65077
466
19070450
68525
3363251
10078330
4630909
5289501
21158854
3295298
3465634
448797
6323416
355449
95475
4635111
2939

3481674
39040
3847
876
5331
444673
237358
186
3392036
4628303
208
15
990
23644509
3283800

6120722
447537
784625
1484
5287678
447958
280895
449096
5723
447229
23644028
69617
254
91496
4849

3387237
1715
2028
2375
341381
22169458
8150
3710
8094

1621
23644300
610
153847
270928
572
3660
964
6119
194327
4633094
5282942
5289210
968
144
5158928
220001
5798
5287989
3681220
3323168
1299
4362
1136
15759
4473610
103771
448632
3393250
277776
6912541
3330243
445128
1714
135431972
4293
95482
3311

446312
1549093
195524
5125276
1209
1942
10894
3486
5193332
5289508
6168511
135440059
6114829
4628302
656440
3322990
3893
7248
447955
23644208
23644082
4634042
18827
4797
233240
446185
4583
4634231
3266379
135497531
446239
8758
390
3283969
156422

5289529
73271
86079
53001
194762
5558
78607
10964
21439
446753
3250247
446386
54676715
1894
612
657141
328839


135460986
98487
135446206
447781
3250243
4476954
5289215
4469366
3518811
448605
5288600
447872
757
9966278
519539
499
164697
4634228
448973
6380
408285
445008
4369374
24239
1074
444765
1124
21158739
95562
239
696
899
7245
740
3355890
21158801
5287461
10231331

6101
1372
4468936
446998
5159168
444655
187
162569

101122
446273
1746
5289232
5162664

993
8914
440849
1137
4798
355024
3471143
446662
23644315
610
11763656
447476
4636207
3371856
448652
443231
444453
447358
176
11852
3713
5604
447478
490
1031
9863447
11979
76635
447271
656966
3399375
23644118
2029
3274883

23509093
242517
4475493
4374619
135415975
23644200
4470576
594
1526
5353955
66762
1024
1374
3618
4604
75451
4628690
1736
2280
99963
23644382
1468
10444195
4473758
23644341
1296
622
6438376
1148
6409
939
126690
70
3323164
135403817
3260014
445986

23644211
1811
96595
3283799
17753916
4477688
1685
448749
23644080
993
710
5289134
4478248

3348131
866
72032
69590
996
135402009
18669526
625
446948
16402
4369172
4133414
3485
447076
21158720
446274
448564
4471889
1465
420121
57484465
871
8998
4630703
840
20686764
638278
75243724
4632237
3857
108714
1387
4674699
7532
12793
23644366
135659083
76883
33791
10350
135398563
4395
5287488
2608
235536
66898
448662
5353599
2669
9577
135512649
31275
3522485
4630700
1721
4946
294
23644342
4635676
2723698
4632242
3250246
135449023
17754181
29740
4369285
444581
113557
42300
4471893
3364666
3371859
1567
97032
6535
3631
3525955
446752
1565
22174419
3384527
1292
135497549
3991
322640

4478779
2010
121697
5687
795
21145408
1836
13695
23644289
447329
6181
4470973
1682
595943
984
2874
448573
13195
101198
73284
657065
229
4388
21195477

1167
4474585
73927
806
314
4633089
3505109
842
3274680
54682930
1335
233487
687

3382778

1174
4632703
1584
304271
3238
22169018
4473090
5289419
166768
18998026
4469804
70807
1158

4471897
1542
4472116
3393249
3392033
449021

21158828
3359381
4631598
340
5168637

14184914
4312
6384269
4412
1135
4631216
4469124
932
5226
23644455
4575453
922
444508
21707065
1396
3266378
4632552
1543
123874
840
136057826
188987
3393250
37
314123
135402020
135422157

5466794
4371770
5288817
525
1166
4631612
448970
135413405
5287565
4470566
13847
657038
1874
610
332
10597
43157
5179950
449
5287914
4473087
57030
5287550
4316
191


447018
4350
23644302
10345
135402053
25203386
4628124
4636210
3481679
270631
13052
743
69672
4326
13017
126
7870
1102
899
264
54676720
4468930
135460975
21145345

6468
3378336
4469578
79088
99058
920

4633083
4641
880
8333
10132
865

135451578
135521734
9257
3350247
4634716
4369171
2969
1889
5137
607
5803
4468931
5092
2354
135445713
67874
87650021
5066
245
2987
446505
4474067
4469805
447534
3253681
444808

11668
69020
448503
135473660
5288371
5425

4469580
86
445375
503535
405389
135406167
6954
610
448672
3322989
153909
4627786
4473611
8007
5152312
25701
3330242
445940
1600
445302
1350
82068
444766
608640
1933
91444
8
4359
3392037
3382782
44
3022
3364667
1172
5133
121
68152

129236
676454
54369
856
1758
205
3455
7966
79034
135509070
347590
228
8761
17754214
129891
21145354
3382774
289971
3400855
1856
2868392
6449989
906
148140
686
3399376
135413119
350833
6318
162636
447936
11
3400924
266223
4627783
138692895

23644093
899
8314
10205050
2873
2219
4629885
4340
10430
684
4636051
4127
6503
5193331
445580
4385
5311380
3899541
421
1816
4470179
446140
256623
1032
3481669
17754015
2933
80668
447559
20978569
840
4635323
643
855
2396
135403814
38687
4754
5353370
3565209
448011
444800
69961
447905
13611
243
2734920
38
985
5192999
624
251951
688
4636209
11430588
3496441
656968
65130
5289228
237657
25244116
23644082
5288022
78165
3429
360816
470
3381569
66644
17754020
9859052
74190
1249
5288606
76726
5287465
1042
135509142
123702
21145417
4632553
7950
5845807
1153
449035

712
4288
44361136
40772
12057
448769
273
3009
4477694
4627978
175998
3684
4635110
23644092
5179954
7291
445843

235719
630
3363164
20978568
418589
5438
1291
4327
242517
2299
135802052
11301
4627790
997

135398729
4470982
445989
6118993

23644511
122316
11295
983
10394
4626830
5289227
6386
3033056
971
5289288
1176
23448434
4799
1331
229
987
219
656967
5288173
135402045
448166
134856
447966
85466
4596
11301

446195
617
3471145
23525516
4469802
21917716
697
5120275
4634557
974
16143
3292427
236
187079
1014
72
619
3378330
3350249
898
22169458
3353976
1374
806
23530924
453621
68
5192836
140709477
54677920
8778
444570

23644082
3626
15391
159660
3386234
5172

447411
3505070
17754138

447022
4477685
206
1553
14233316
12587
700
9883349
845
76839
3496893
444763
1759
135445363
1181
5289179
2429
1511
448202
21145307
4627788
5005498
338116
10146470
4380
445319
9957008
4478471
135402035
135497502

232
4471182
194097
4470577
333210
850
447980
5319551
4476947
20980897
2070
657140
2108
135440058
426409
79084
16757
7249
183145
448974
1478
2999670
448610
5179951
167556
840
95515
5289026
5287890
637542
1459
5288116
4629152
3283971
513

49
185
790
124604
75791
1280
4629337
315411
84836
4629147
4634235
1611
394347
23644067
8186
111509
135488881

3387356
2290
628
447957
100053
4469987

347402
104799
9600423

8391
17429
3632
2353
872
9958
135521733
208
1290
4475491
4317
4175041
1840
5123
78598
20980900
2667
23644267
135400627
5287756
1865
1371
4462283
448660
799
22721056
7510
15433
5092

352019
44369957
1082
5287936
4469582
448926
135500324
4634561
1023
6578
4635683
446244

71113
227
25561
135413497
1616
3477612
94744
3392032
716
446916
3311410
274159
9223
446238
23644461
487
824
1353
4628498
4026
441122

779
4695496
4633091
135398749
5287648
135476719
10355751
345761
4633268
3764
446665
1618
5354789
1087
75019
2993
9949281
5288980
4358
378
447508
5280343
14587284
1373
5364216
4367
637517
17754075
174450
1936
108001
4230
23644161
138490
10684
448009
4475488
135509113
4474227
445009
135
4470180
1357
871
20689
279
89105
448976
1222
445638
21158793
135497480
135460987
277
354578
135402052
906
1789
10367
3400928
215436
311
121938
1890
903
3186
603
3250248
36

315411
135413991
554
23500144
229
447767
92143
23644196
3956
3318420
3504708
440805
6376322
54713196
444266
2384
4632236
604
446245
23644356
92143
2020
83242
447153
852
79143
135402030
2930
367584
446627
446896
135436405
4470175
3277971
1001
668
1095
8405

2987927
90263
24250
135402037
2014
11646
5164
1080
4632023
3889
760
5326566
23644150
80
5247
1030
9874649
5459816
4175041
135461003
135497492
62474

179
2230
4469809
135451156
2304
23850
1514
1724
444302
612057
1662
1644
3300398
447466
40
79019
1652
4473864
4068950
844
4474225
18807
3092847
4795
324814
612
135402011
249
2095
9869364
1629
447960
6167828
4437
16259
4647
15228166
4478236
980
195
9475
4478
778
5107
135402024
254124
165506
5288260
4470378
21778598
5287512
92100
3256862
6370785
248425
3367
444753
19001
91867
5288545
561567
6453585
71166
6657
248
135402021
5171959
1609
3342291
321
1694
657095
911
294
446313
445376
449459
656965
3325226
9899189
840
1369
449146
4313
132302
1750
5287525
8998
2917
315411
76652
1134
13988079
567743
3464
205225
3072
4473088
603
23644350
5276737
829
7276
19266
1716
3399377
448971

3250242
724
248487
32594
5681
135480986
5179954
23644550
5460481
447959
379
371682
106
23644230
245622
4471902
1493
500328
220175
798
7264
21501
89366
852
5288464
304
193540
4473759
135460962
4627787
4452693
1651
4632231
446240
718
4488
58
5153146
290
409441
444899
181426
1698
1277
14925
17753799
736
446324
135402036
14606021
7708
5585
5453
3269
699
1451
3357
205131
57484306
11820
77918
54739
5287459
5702627
7244
18551830
10048823
533975
181976

4473864
114947
2196
4369414
4369413


1830
70766
5330608
4369491
4470578
135526740
20831395
10028957
10028957
656986
5287586
7410
2901
69602


439519
98961
13755302
521381
54684698
5287728
5494411
95657
3450458
77970
2374
11161741
11390
736299
5326884
5326885
5326886
5326887
34474


253
57484150
439739
11840929
24466
78405069
21307
3693124
21304589
11234
10067756

5142094
323
5327131

8631
3342879
21710979
44373921
21226157
20303878
314397
8924
44403924
168140
251884
6102812
2538
14754309

657041
5288329
6102777
7302
57301348
3605667
5288476
3594
3367711
548178
405
3064778

3739

5152312
1195
5459373
5494425
5326976
5326977
5326978
10214568

133021
66184
5326956
582362
57484295
23644175
643798
10758
4369496

9957119

4495
6038
5282800
5494436
5289078
5289081
4987


4369477
135856553
5289109
5289110
5289111
446383
5289159
657077

5327150
5289247
78349984


20600578
78382978
92228

9600421
25945
92228
7409
54688687
4369524

135402010

21226470

21226470
2378
5601

5289514
10634050
5327154
5282761
5316628
5316628
619018

413349
39941
2406
6436657
2788
2950
3111
3748
4098
4472
4528
4619
31315
4764
9801
27901
5641
5733
3981
2468
38409
5365247
6292
22184409
34870
2795
2893
2914
2966
941361
3396
4057
6018
18716117
2663
11256664
9933475
11972575
73945175
21864547
134018
9905438
198752
135850829
71301
11964344
21953619
5912039
3628
62894
122077
644241
10465263
9808948
177336
11364450
5251896
5677
151194
53708
119373
22671105
9953358
6093437
65939
1201
208951
47953
2350
21158897
612745
11622909
18670936
131664
108092
6918248
42548
4622
219100
3052778
153994
3792
6433106
40326
1101
3036505
108143
266934
71360
9888853
30668
40632
121892
21864479
9571004
148193
381525
10180
60813
154000
9955116
126756
44208943
68791
130021

6918638
11219835
1374
50515
9818287
10299876
3025957
6433117
3323368

24770445
65632
11973736
5288209
22023730
213053
22058234
60748
9823095
1684
4564400
21133829
157692
5384876

3945
6918546
11528611
21062558
58122352
5274428
9864881
5282219
73317337
24771867
49855250
11668346
51038893
6476
47938
21989815
46184239
135398752
3657677
495574
3671
57537
335929
536715
3394
3081361
56670920
3025803
10071196
9953887
552716
3883
6635
774
807
2146
10408902
216325
9829502
6918532
23526785
6433099
9803963
9864647
9892540
19369179
156414
22959686
19610079
6421776
1082
219104
219836
11567682
21851902
4369566
3038522
10341154
3989307
4014291
10229498
5276854
9909979
10126019
3668
129869
18511868
11420643
216299
6445562
69247748
507806
44459810
9834332
21084226
10427712

11430856
10016012
11667893
11414799
56654068
23287809
9882189
54677674
5327686
10173277
9846537

15949634
11406124
10131000
9867758
23571981
3823
100427
10151715
53497429
6450818
636427
20812747
430385
5310985
44152363
300471
9886917
9842252
5458931
56841552
333386
3844471
9873
11541088
69532
5244
21704739
22182526
21879648
17791209
3081349
192711
285366
71587684
9868545
5310967
54682876
22016536
12041
3000926
10409873
9921020

9868037
9952078
11270783
9901946
11159621
9919285
11655699
72970513
9795276
11455973
3025986
136240356
5281232
53315588
11656518
21882238
9949641
91519161
46189839
66930422
16666708
9821941
6439522
22311391
11984561
135484546
3057996

57882566
23149694
6477182
24995524
23635314
10073773
60149
5340
4184
5323
581
4567
27400
6518
104850
11255911

15200290
479930
135468750
23583058
2929
4544
5387964
14676939
360682
135402049
20770231
6450817
6433124
134019
90121225
5097
284240
9914310
65825
129228
9909681
11163584
6433091
9891967
6918456
45371287
216237
22451303
11188322
21634109
6433119
71351
4422
6433076
18402072
123964
21933738
18762634
148201
3009
5472495
148184
9915203
179337
21906940
3699
22278551
9576891
6433083
3171
13502539
5511
39562
135413547
216235

10224207
177347
216327
9851652
2678
2159
23560495
22464429
11217901
25181472
11955716
3869251
15985330
9939609
16678087
24779724
23648971
4113
388136
12136798
58391580
12000797
44473151
49830398
16066663
9925665
213043
368860
439035
21036468
491022
216468
66627878
128919
159326
71234
154257
197712
428573
362949
3517815
121595948
3034293
4236
193962
13491278
70177
3019427
133090
10308107
65993
5329098
9845922
166558
4193475
4282
55285
9852353
3058747
119192
123618
60511
18427691
181428
151172
9867822
10783

21864628
21252527
244989
4938
3052762
54686843
14326905
176167
3038517
9938121
37801
9822317
206044
9888224
5148108
11406590
9825701
22665435
5064

1646
216456
159603
459963
4630913
11790865
11338777
12016890
5368397
130956
3448
9829526
151174
19609831
137151310
3055165
11198924
500054
22902865
5502
213041
11405316
10113978
9810131
82148
16760627
22052720
18333188
6918837
23111123
10182969
115358
22341014
3465281
5328940
9907323
9856349
9910325
5092541
53276
10152529
21874557
6450551
9910224
49849451
108018
10232719
4631610
1727
11527282
9954033
18518455
9839381
21336308
11722448
405420
6918293
9850582
172997
104972
57459022
11627655
6433095
4205
22667303
6918304
352992
6918314
54677946
948
4992
2854
5709
2226
500199
2366
125017
4158
23161409
60860
22297
3917
6437380
1993
4160
4436
4494

7558
3038498
135743589
5277
21133828
54690031
71733
3966
6115
5335
2999
4541
2361
5385089
1548953
71771
5720
10101
2449
6450546
115221
65243
161120
163776
12310208
1712095
5563
5280489
247
4826
5419
19371515
65628
244
22743624
1548943
3679006
5645
3001
3060
3080
3553
24199
3653
15330
44564
3998
6151
4101
14076478
3033877
151075
4477
8609
65015
18350668
4969
22526
54671008
4775
5318
5326
5483
5565

3032399
44129621
17759780
5276520
6852165
16122612
9968957
11978707
6852167
74022317
75737
231407
5087
1463
1712
74072446
25093365
25113123
25113124
74932987
1082702
101780414
21145280
4300

657007
25134265
4468933
447400
4636291
4469122
4469123

59627540
53394501
275537
4369475
134111
505461
6102691
6914568
75097704
46937031

46937032
25174101
10915062
9549223
10400412
4349
22645990

6458152
427060
11069133
49957
8193
21081761
74369222
15897928
6914625
17975425
3508
11742
45359512
6384230
84894
5327160
10252612
9821178
4469367
75097786
46937035
11963545
11500273
448669
10387417
7023019
9547940
74388543
57448115
11978953
73322188
9547939
44452012
15991573
5282947
656953

75096929
11290116
5276507
17754396
16750106
572064
5327159
75096935
11167118
10134493
75097016
57559740
449087
9933197
22904532
75097157
1540
78183419
584
44286298
11245700
25246329

24180717
74369223


6914626
16122577
25210273
1117937
5326979
11697164
6623
4469800

24180714
69219720
23023001
102480324
21066379

25138295
21920466
2249
6914659
11987861
72776716
24808495

75296621
17748441
74433148
11560856

24180719
24180720
53956964
9797857

2823014

10364585

9969613
10068163
135483591
24768528
2079916


486953
59650923
22479942
56674273
11304895
15942652
10156987


16058629
10157080
16058630
2418
656936
16122607
3506204
5459348
11646228
2867154
19826721

10038928
25023705
25023706
25023707

10117717
5287495
11537386

18794
46937046
656425
9547900
4469813
1289593
11545694
2741828
25181321
6914627
92904
16195113
157839
24901540
44629555
21906861

450268
44424585
72989116
622262
6852141
447734
10125830
23627203
447912
74083106
447911

3943211
16221501
2828563

74374651
11995761
2986000
74374652
10450624
2776424
74374653
1720
22690393
10206158
75059357
5287517
22692237
57484374
5227
22607466
2782689
736186
3699841
14429109
6914624
6914628
250653
17414308

10072851
5280567
6102690
4073054
9844635
16758228
1415427
75243777
6419821
4566
6914661
5287523
4178
9547959
74391556
16122608

16058639
11978587
3038525
25210476
25093361
25195125
25195124
17390927
25093363
21881943
11553058
10151045

23582592
25138294
25187896
21045431
2883505

11979063
708346
11213558

11492186
24963047
447766
6918710
75243780
9884318
23624249

23178717
25058136
6439678
13319586
6914629
25138203
6793
5274976
11304412
11840911

10172821
16040289
444706
708990
11963557
6420118
623482
57878494

3112067

90117561
3110826
7060565
9547958
656952
10161577
10140025

4565


11586735
138692876
138692965
10339710

6852140
9956726
71197671
766948
6540289
19103160
10138993
24836815
534602
4027


24778473
216454
16124959
447492
10286462

11960528
11676244
49830741
44414579
69003749
11561383
11572962
15627868
56946086
6914633
11659487
11611114
15942655
11957393
5330197
24836813
24836812
25011728
25011729
25011730
25011731
24861080
11602832
10732834
2776332
68999353
5110
9543472
9848618
9978312
10267580
16058637
67374313
6102822
21045429
6852206
20843159
11441375
9543521

22016964
9863483
11987868
10397869
44129627
10017976
11701820

49823417
16220130
9797919
17758920
10337670
639097
346926
22747857
2418
447695
54682555
17756743
5327045
44176356
6854
5282944
11500493
834826
763808
24894151
24941253
14163672
1069140
136380052
11348631
6102820
6102684
16122643
10042315
24824758
44585557
24894148
13373715
6102821
6102685
6102686
24832022
17755582
23658582
5028

445651
9925908
4661
3963
4369498
4369497
24905143
448533
44073
5898
210332

448532
78058
24748051
24748050
1701
5362868
10379137
4471896
5280443
4472113
5287652
14368760

20978570
9819610
10411846
24880024
15602701
444607
99505
4355
199994
17749728
446967
2192
2199
443
1792
22487040
20978571
9549304
1314
1303
42627755
4472511
4472712
4290313
11149707
10221335
4473284
23073073
2256
11505541
5353422
16070039
12148754
25145683
673481
1375
3034285
5287724
9805105
16086422
9886249
44143531
776315
736027
16122554
16122553
263366
73174209
44218800

255
67546346
10004539
75243788
58834185
10343227
9862248
16122556
44129642
46937073
1121782
75059709


1307
44287783
1319
4473764
54929
5287741
324690
446965
54727972
6540255
74441033
15
11142955

190816
1351
135566394
11790
22247248

2397
2398
2397
2352168
9934347
1642
6914595
72829752
3702


74217793
10095658
2413
2414
462919
3332
7075
3491744
1757
135566413
9543498
74940723
232446
11712628

399618
10062702
3496440
18432427
10251090

7595
17965293
2797541
24856354
5321765
3496894
5287855
3496894

3858
25134257
446805
23636976
25113145
16750123
11616886
24812717
17749729
123979
31364
11537623


24180721
24180722
11963499

24812719
46937079

5828196
22325481
23647652
5729339
135424789
57484593
24812718
23647657
5951796
23647659
3509872
71739
6914573
9549303
16224058
9543494
447219
6323250
656913
3522487
3522487
9882812
4626827
440699
54727980
3240382
54727985
447962
46937081
135566918
2709
49823293
20856812
4369534

3236724
2882685
21158775
4627394
93114
448793
4627784


24798741
24798742
5287979

11326613


2255489


5327130
66960099
13110160
6451148

74336135
9547923
3726
138692976
11171679
11318
8917
5288016
24764436
2763788
5282230
695906
11229234
5288017
2799606
11332763
5288018
75846
56660202
23653531
23653533

654376
44455262
44455262
4292413
165323

101369
69150
10833
69177819
2971
3492020
23729147
24978486
11645349
5192
4112111
11302358
11739898
44398711
79541

4629341
848641
4369432
4369433
68463
4708
3239413
5330812
9867609
44440663
5288082
16615
447297
4630702
99862
655
4630913

135522417


11235804
3383616
74316756
4474224
23586145
23586146
11574606
25243853
24941254
25210493
25210478
5119267
25210479
75243796
650361
6419789
22983993
3152
3269

135476766
3198
9684

11368987
3206
11149479
72984326
10708341
3220


979
22645990
1204
11207678
4474777
181137
11395145
16043
11992146
6470990
10062718
11473003
6852193
25134249
25134250
74391557
74391558
25134253
11337570

1700
2822496
16122525
23647763
11349774
16122526
4333
4475481
4475482
5288193
24886008
4475481
1723
9884138
736259
647499
25210531
4475482
1708
19427225
68205
23629645
445858
5408
10024030
9543495
445015
72984326
1819
5288217
10680
213032

445713
3000505
1722
9846364
9881035
57484325
448890
9820359
24875313
24963033
24901723
10026604

11493598
5281614

3000541
11394776
24794406
24893974
5795340
2738139

3783853
1268
18797131
3827524
17758361
4788
10089048
24805271

522636
622971
4447
12087505
11708451
11694089
3457

315868
5305969
4118828
465669
10224181
12106168

10477723
23644582
10200651
21078798
24856363
11952989
5726921
21082236
447277
21344182
69823909

25113171
21106703

4633086
2950244
11617492
2763754
11608401
11688053
16122633
11312547
11312547
11175137
3749170
22274815
1881
644213
448725
1503946
135783322
448724
448727
3013152
50895
448729
56671653
4395717
11594966
73160225
9885023
6914564

24836811
4633273
4633274
22996286
3373455
6539010
444721
3732283
64993
4776
5288544
4634037
328
4634038
4634043
4634226
2740174
11809364
11120251
21584368
94180
5288573
4634232
3382773
23615309
4369424
53656650

6540277
5280953
46937106
46937107
46937108
548230
548230
1704
4323
657106
3474204
448258
94216
3606
44421501
10286160
4634565
25218427
75059310
16744441
213043
13036939
448167
22049997
42647299
9865587
448955
9863791
10114365
5327109
11840955
802
4656408
446640
5165230
3758
4634717
4635104
4635106
447739

3003217
25150855
25150856
6323382
5288616
16040294
11464526
9547901
25113181
24875320
1202104
1510981
6540267
6540268
10342449
15942657
15942658
46937112

11270500
447835

1308
1948
4635677
4635678
4635680
1294
44439807
10258
11507920
11633167
449241
3542
3540
11494891
11660035
449162

75243801
16129582
24882195
66167335
25263414
5329103


71345
130188
449026

11987823
127504
57400987
44592965
68570657
44224261
10109823
24801862

24801863
5082818
135521746
24178109
10039403
11987832
1190625
23628220
9562794
11522441
3815
72963112

5312137
10402181
3366759
24941243
15942672
73158370
2732
5413034
13294447
73317228
24905142
24905153
24905152
44563262
44422489

11291932
5691
6420149
449126
449127
5288679
5326866
75243804
2405215
16122634

23653530
20744821

13582275
2766552
195347
6603901
24864821
5353712
4476497
233979
44144383
4369325
14899645
18756402
11560224
5326868
5326870
5326871
6918852
57484440
6852209
9543517
2817424
23647915
6365297
25129137
243556
10831270
1184681
16656633
16656633




24901696

12412578
691952
24883481
75243808
25229552
4476957
663
72979372





15143646
10263132
30514
25023709
135497532
87031
9926933
9994066
680935
24864077
24864078
24864079
24971312
58094698
11338033

5328120
21850055
46937128
510684
24762195
11696113
42627562


11987878
16045336
745994
3161908
16122582
4145310
5288720
78382817
44383356
3547


96876

4139
92249
54723327
44364249
543502
54727975
10250490
11647906
5353760
1286536
23727981
11779786
447278
23727982
9547945
4478774
736407
65013
115348
11544170
5159166
15876
2726820
85037190
58269388
11853779



891831
447099
448781
23722944
10150081
449003
11984575
5171962
1389
82315
13450
40428878
18795735
16040281
446977
70314499
9861358
19989057
1504717

5281701
11005
447649
25058133
588963
4384081

8408

87517
447656
23400214


10404225
9547890
447655
10309476
21158843
5180219
8420
72988248
4149241
6420119
6420120
6420121
74374649
14357
9903839
362
135438475
135414394

448002
9943782
46937138
54680844
71466393
5278689
5278688
3272526
5278690
68937540
76313

3256856
3256857
3581192
11963551
11963552
447364
3256859
3256861
4597
9999276
24905144
6852128
6006216

10223497
10159587
657105
5289053
3260011
6852201
74391563
398148
4122
25271554
25271555
3137930
25271556
25271557
441161
44421535
21021619

21337752
127864
2856
780

5356
5289085
11370952


447700
24779674

57484490
24779678
24916788
75243815
4858
42647297
16750094
24963046
24755476
24779675
24779676
44129603
8179
10389239
735838
24779677
11660134
23656870
4722579
11691442

447988
17796993
12229396
3289293
2735469
9547984
115069
1640
446755
3292432
24875319
53400847
1122713
44141871
24892821
11610553
11581936
657061
11589428
76171377
11704101
2059510
1587957
449244
4369443
1854
1530
667639
25243828

5289162
1289
446744
24824400
74388542
449242
449243
446755
449245
446757
1857
58858905
21043878
1294
3318550
1957
5327066
9864202
5109
4634234

313290

3325221
564920
21158861
5353291
448968
4984
119828
18719622
9952008
15942101
11160307
25058138

24886843
23640750

10150441
9998128
151506
6419766
6438583
5327076
445987
16045340
16045418
16750071
10401956
21362564
11373270
11840979
185914
6156900
18690028
12195517
1453694
3386
3165
3340350

3340353
425841
2730282
135643208
24856357

122335
447359
447360
4394
3342298
4369
10308106
3342300
24878044
447362
54678486
11632008
75243823
24883488

295941
1783



18668688
4328
71002
1360
3350115
135566422
135566329
24871491
135800218

348130
9822610
3350117
176155
5171
5289329
5289330
5289331
3350119
1536
25023881
4747355
21066087
46937158
9991833
21066096
10249180
10317619
10249182
44629554
10042950
5189
21145104
5188
3386

57484471
413961

69766458
123920
11653652
22259938
25203945
9543496
24812721
363418

2742752
9896504
445650
5328969
20744853

3364665
446366
5289411
446853
16039449

6852124
5289418
647833
69169558
44449021


24779724
637775
11291331
70164
11987888
4369451
4369452
5289428
3739541

11524144
3010454
362748
3010448
25229546
4427
5564
44398994
5591
17836441
57484302
6102763
46937163
146089
24836810
1636
24832019
115003772
19362399
580175
5433
127702
3376640
18454366
3132
3378337
12606920
11138
60791
446515
11963512
5280911
214347
1272
1273

5088
20835701
5560

3382885
4473763
56990849
3386160
397
1150
13110160
853608
74369226
17758816
15083623
14611919
5004

54676423
54680110
54690923
447012
20843161


5327097
1266

5327096
9547998
9554696
3000477
1385
3387354
14812933
7127816
54684772
6914666
8163
4462
5280346
44237094
9817550
2737071
23653532
11523636
24865390
4177750
220535
25203955

1235170

2765355
10361208
5003498

19844
24778468
1498
448137
448138
20616168
24875311
1788
1786
441047
1791
441048
1787
441049
55717
1790
129539
135566412
5326869
75059276


121750
54712717
54712717
10286157
69749739

4710
213043
142964732
9800721
124075
446345
446346
44574542
12092
16741238
24894149
6857727
22260466
11957394
9994897
75243833
4697633
869249

10356116
192816
3402113
1956
6852129
3086142
241868
92180
176407
135581720
1613
445920
44221132

739358
98614
1484819
46937179
76098
44221131
169682
1432578
11833
3777900
1916699
44129601
121026
25229537
11367
54685524
71886
22425
5147
12894
2200
25295
21855
3781
34154
4432
1548992
5105
44112
2475
6597
68867
5502
9458
44210114
22052291
135271192
16220172
135409642
449835
2972
9853053
24776445
835
225612
22338
22338
3278079
5393
5413
199
5202
64950
5610
1
64988
1175
51
5281855
825
3532
6366718
14679811
6451164
11597571
13559279
107970
9883933
23594367
25102847
17754772
2154
54684141
42611257
57389748
9924495
9831415
2284
44216347
18319735
9818231
11167602
11467167
15951529
24826799
10437679
3408
20734893
74323022
637568
134780
11707110
44462760
9910951
22225683
11622909
22311
14096625
66451
73333
57414794
11304743
16004692
9863407
91302628
2710
68707
3824
3783
54677972
3760
6481
3735
3734
3723
33625
3718
71955
44668
3689
68704
627256
3609
3607
3604
2273
33649
5353643
3227
3002119
3089
3407
9528
13156357
14445453
3374
21917768
35802
10617
3360
3344
3336
3335
5743585
65777
35375
3306
135413553
37497
6469
9363
3245
3242
3236
3000546
29088
5353588
94280
21847
28876
7608
62865
2805
2793
26937
2787
6475
5206924
32170
2577
10391

2309
10240
4872
21772
2451
2446
2442
2391
28425
2318
9330
22407
121595945
57505028
73151030
11531537
489129
11511576
18459832
6451149

16126651
11654566
5310993
2168
9838180
521372
2627
57379345
2763
9966051
21109
5470
22007095
5330286
23725625
11635624
11519070
9823820

9800339
12881464
6426711
12555
5411
3314
10767
5573
40704
21977877
9913
14445457
7187
55645
23083982
598
24529
3728
31264
5311454
9904258
1548942
13175121
275903
11978813
3737
3741
3743
4695
977
53396339
254731
962
11501341
24822371
15950376
947
280
3307
5284550
10319503
13065740
117072582
6425761
13653621
621174
123642
60698
62300
162056
124716
62380
60728
252141
56640146
11268870
5666
4500
3053755
31075
31707
23573
33014
39187
15657209
40589
13748845
15342071
71897
9826451
204109
3055168
2750
2765
7172
2239
4260
37264
10363531
521308
4843
5353722
3965
3672
3825
65679
610479
208910
28718
28689
47528
125564
15387
5736
46861612
2296
2225
65948
2324
5282138
65918
51701
119171
5311217
2162
4008
1236
4810
71653
68802
34521
71671
19063
6179
20811
5929
71467
9375
34042
29083
5386
54679224
6433090
5243
999
67057159
50942
105031
9870652
16678941
4238
5531
27501
72106
4830
68865
68870
4442
44215723
54214995
48229
5213
72370618
5205
51355
68713
3742
2575
5316
119432
71496458
5241
5611
6843
6323266
4886
2528
6806
2365
5794
2369
3651
66348
5319
4678
4949
4537
3390
4063
1004
99937
27648
32281
875
753
3691183
156375
5284514
2682
51040
5355130
24478

636363
11457650
9015
785
6442003
4133
449688
1206
8361
14917
2683
5054
784
8633
204
89216
24526
33919
5634
2723
61739
2335
24261
1923
2482
7547
708857
2202
7077
9845830
14064911
5362770
25474
65079
19988
2562
439535
6970
1549789
346
6434217
8569
53246785
5457
10913
3610
135402010
5281612
9936579
3571576
5470020
76262
8768
10111431

6421038
522609
5251928
4374
12450
4284
736681
64685
94310
342538
5084146
31236
1118
6880
2998
3109
8771
54725703
3830
449093
142154
1254
2537
460
9913767
49806720
114751
54676478
2647
15907
256278
13324
15443
21651
31343
33309
13489313
5977
6212
43231
2871
8293
14650736
29112
3058754
3037
3039
456389
22262705
5859
135449328
3334
3346
5201447
9454
86418
3888
71777
20839605
60651
17905241
68602
4619902
4243

26383
6436061
3034287
12942434
4587
3447239
40854
7108
12901
8573
4823
6433107
9298
5102
638072
6634
13755
5334
5338
59757
4517617
72157
5853
5707
22283
9992825
3092
71310
6263274
14475474
4423
56208
5366546
697993
2480
20838637
56206
3069
38081
20838310
3659
21389
224001
10074640
13932052
5260105
24352
56052
71969
26533
4092426
11400
35775
56032
1140
53465279
7019
2376
30541

287691
10083
9848888
10734
281
185460
9958170
8359
3149
135402009
10090
9701
59457872
133017
4844
9573395
628035
71237
2975
12675
10216733
21937662
13472099
11756905
540327
5918
9948102
11001318
24986635
75218468
16739244
23515387
11977753
51039094
9907289
5042
11508736
57731899
17755052
10624
21874244
16654980
21471201
44229378
10368812
969516
1052
382975
119584
22661765
9296
44480399
9896267
91617630
71571306
52918385
9928286
70850802
100773
10127622
71308244
23649160
46207586
9369
107751
73354318
24994854
11397521
157096
71226663
59518080
3731
59164821
457

46199801
26105
70311789
9884876
10429242
197033
66787058
54576026
44631912
11610526
22027770
24749
11465695
22024915
68712
15981397
24856436
16662431
3191
74078320
10052040
5282168
4891
4630419
66799609
5475245
34180
5311037
49831043
11652558
25062766
59174488
67130752
15605092
9299
51357549
68770
56599306
53477157
465466
90461900
21874004
65036
23391715
3693
71511303
2198
134564383
11539025
227033
9837966
25145656
135497803
24958198
59472121
56949517
11319217
349962
129130827
9911830
14539799
69746520
10302451
9863342
4032
33584
24983760
4366
11689883
44205240
44216220
59214421
6842999
16735266
44556044
3821
73009670
66696998
75075340
9915743
9892366
9865515
6
10366136
11438771
45375953
58827053
4261
75305944
491941
25031915
588
66720278
99058
23145858

10348973
11753673
262961
11272219
46861623
10117987
22508903
16755766
59708
11351859
72987440
9845915
54767229
3071
542027
57336276
54676814
107805
57404073
25017411
53235510
3038485
21947593
54575456
65947
50941212
9832447
44516953
5437
16224745
11462174
24872560
135536943
10253143
46848036
18535983
57335384
155815
11697697
10090485
75953676
10029385
24984318
15985019
4578

26709
50995536
71533696
44200550
15664
266767
73036828
4252
10472693
3845
76415510
9571836
10160238
71481097
487101
9942657
11292191
9795739
3885
9957254
22028937
76469283
58008990
21071390
11451527
108144
23133467
23582824
11511120
214351
23588807
75211027
10288191
49803320
75605138
75580624
16118392
77256380
22064497
42642654
59347378
51001696
25141092
24988201
31593

75148822
26248
9852519
6376700
18969086
135564749
46220502
57775559
11248490
11670360
77138129
72304
46700756
9832687
11671467
23582412
24771824
75163532
5282440
25101755
16048554
9890801
25114442
5589
11609586
236184
5315832
9815446
78145485
1203
9815689
11626782
57417258

57882748
56657653
10459564
68287718

78044267
5471129
4490093
56842109
68816042
9952125
25195461
15950826
6918525
69053724
24794418
9883029
9812416
9916099
10149289
5329099
18766909
92022380
11552833
5282182
6433113
625228
5663
104746
11691484
25113054
62348
4418
5417
74434893
52934180
14464
2284
9816170
11962655
53328043
10214422
78145086
51001932
24770514
1355
107992
10245972
10435304
25127713
66713331
1287
129873
86566678
59473233
16202155
5282459

9816447
2175
72995075
11313622
78162481
5673

77528802
10479502
9827968
11714580
10297982
49803313
21879597
9815800
6918736
67462786
5282367
74084831
5282203
3901273
53380437
10331844
248010
25123185
2459
45255840
119193
5160
76668238
76553587
66558029
23009
13434407
24756910
586372
66694608
6918540
11488320
55191
18546929
25108829
78130002
10247592
3329
21133161
11689875
13371250
11708365

57355660
11618368
6449876
44623946
71492799
23729157
23630026
12004316
73170271
2355
42602260
9846707
9862992
319260
23392970
65108
65272
25016295
97616
11169048
16071605
2472
5392
124246
9935276
9995208
74405966
3533
9908684
10201696
67065878
16041610
4021
9881718
50248
57430866
5606
70882

56941241
3035714
23634441
16117309
10200813
24762235
11372756
60848
68792
68165256
11428861
66571548
11552706
9954278
42641863
9861622
69093450
176405
4942
9934563
74326384
25117126
17975723
46832110
75629988
60867
132790
24815904
9912771
5385074
2746
4450
59716279
66641097
237332
16061509
7114
58460047
9874913
16049404
577181
46867515
42642645
262961
9960432
1143
151118
11036024
55483
22323
9904203
10098508
2333
10295295
21865528

16063245
76022323
24771964
3969708
2545
9931954
78128141
8481
9964482
22274119
44256416
13712660
25025505
11844916
2723847
19695974
136236263
11682175
21842392
136662663
23087
16736529
9801640
18465
10275777
6918236
45381907
46202415
10296883
44599207
11387409
53340666
56971685
9820073

66720910
44603533
10309899
340558
11213759
4330531
78045318
25156753
11476297
9937237
11609955
208953
71183216
3022645
9880888
9841854
16123056
2448
9796459
57504764
290486
57782
65985
16065403
4469988
25127414
72680331
17989467
72962446
53401325
67068474
5143
73310406
9868980
5350
57977657
44539578
49798777
74375926
87573017
6918454
74368213
10430360
56950369
314523
122033
135409256
11528958
20775395

14842904
228398
119032
4410
57112
4947
957
67116085
4266
9824190
59317181
75632113
10452732
3822
492405
72942015
57582353
21933738
3169
29566
3787925
13099
10309114
15710945
4850
10388396
2371
5282338

270480
50981
71460547
9331
24795070
216305
73084847
16722836
25230468
196970
21640
10185208
10176487
24823
9890879
11545949
101043168
131182
5118
1088
13387
23650961
65906
45270144
22646886
946
135839365
4621
11753543
46892373
343911
134664
47318
11576663
10252640
11624889
107641
57475760
10257882
49848070
54459
5229907
4031
11683556
9869229
11578515
46926973
49843471
22349877
11749858
71187083
53356543
216466
9845607
21071928
59242746
127737
4469991
10286834
5351387
16058752
9916461
638024
10457387
10158320
46861588
6450813
50922691
5813717
10161381
335929
89904427
4413

5224
25131639
14944062
25255402
25110515
6433115
74821141
4213
2214
10220323
521518
18376177
66660570
24996872
16213540
160565
29626
10224267
13340411
9549213
9805146
9878913
21905905
11538179
9804992
9929901
11179267

22267137
24946920
56670800
51352628
10407120
71529700
5639
3025998
59745
10192617
5378597
6433109
666418
44467821
64627

5318980
119026214
66746239
135402041
87227141
11256720
5469318
6444692
22132569
46191454
46241268
11180124
25118925
5074
11541667
16741
10409068
25167777
5620
67491303
76460864
6918801
44208933
6050
4744
4820
74328238
3081185
11687907
2815031
10114058
10026128

59657596
57339445
11961293
38347
91694
25134326
6914657
10207124
44557636
3276
71354
58298318
57413968
11282283
4988454
11691242
16048642
44177328
61361
3864
525
51045
16124208
135992026
9883481
23448819
53420251
15604015
12228
54910

135436405
5282136
82755
44200436
24864553
114840
71743
9889200
2327
75236651
521403
44208919
73086473
213013
8677
73069873
74401699
45275552
6450806
4865
5806
71750
213037
67549193
11518241
57465250
11998575
11230
78156180
5493470
16727103
9638
54718618
74368213
98112
9568512
3447
281327
5378
71815
11677589
16685
50137
200145
25654
4996
17754438
177941
54575171
56931136
455316
9934
75089749
22087201
9799487
107706
16363
65954
60703
21157
31789
24889392
17751090
4615
173480
6419718
3712
9887352
65853
55473
393593
24737629
66558664
25109292
60759
23730143
60708
130471368
75089936
67394140
54576073
59325728
343110
65702
66555680
11647372

24749
11223423
14866
135400184
15981237
4208
855908
72462
1234
9863827
10202048
71740
71857
10221200
24771368
9417
135413554
11548630
22016617
20833257
84098
353481
67171868
3871
359
10230
1329
3159
3045
71451950
68888
5126752
240980
14670
68741938
9884205
9811611
65997
6918508
5351154
24749
3081927
262961
21099312
75114219
68282925
25151352
6367079
148198
135421843
11538455
46912230
60203
135449333

5459010
11697676
24988948
5480
11238512
416706
67205587
25066467
66237
25429
437740
66838106

57884497
65955
68526259
9888017
18442039
66646528

24988881
5467
28061
55223
4488114
9919680
352500
6433114
5036
84621
46213929
72098
3503
323587
9675990

49784945
10218832
9802646
53497490
3752
11207
49830590
78158242
11712649
66563165
5320420
5524
44538404
60652
39214
9849616
23342
60154901
20761479
71150537

9799284
71157
9799888
14190
22142125
9893171
3230
78049761
24767976
6433122
71595762
9816725

20140
5939
15985904
75068400
44554267
25063347
9951180
45266826
46947264
99479
46911863
20313
68279908
13129
68030
54684617
54718859
73303153
73028755
57887228
123366824
14682214
2240
9829253
68942
76420855
2083
10599
10586
4684
5351506
630293
6471
54758501
9927220
12849515
30951
220503
10168
119396
119835
604
4134
5281708
351704
587
5911905
16229
38295
2292
11740
16564
4766
12598
8281
5345
13738
28871
1292
36109
10715
65592
21959983
6465
9419
1995
5557
4474062
18735
5216197
5362
2081
15004
2799
5603
539061
2460
323701
65526
5455
93154
51712
4806
4581
198068
17336
4905
66261
16351
65718
6337
1979
4948
65787
15684
3021
71679
5357
3371532
70846
58521
6237
14130
12604
8754
5343
4165
9982
19161
64377
71940
71132
4822
133952
64949
1550874
12876376
25803
6235
72141
6301
4951
33675
2326
98941
5536
2976
424631
2097
91463
68555
39940
2832
6446788
68933
31346
6575
25215
9571044
4814
22379
3515
4994
8830
8395
24140
40391
8554
4759
16058
5354
135436543
6434395
72139
3065
2466
6719
23403
65624
6436171
4839
7902
65697
4770
10157
667491
7186
2747
5506
30966
72060
538341
35455
313
68876
6314185
66248
2447
100472
5668
11439
5284636
4538
165124
65750
68295
25382
493983
21751
29025
9426
7436
122553
3084726
120508
27454
5406
5219
4640
4047
9564
4487
25430
9567831
3947
65782
102669
9470
5917
70374
3375974
5597
6016
1814
519112
3036
3401
18377
72138
71652
4922
68706
5217
51755
47608
208903
4041
14592
197785
14520
2249
34536
3047788
4019
4977
54708299
2515
571623
14113
432824
10075
5354035
68671
11690999
19667
6434185
35803
6764
5353495
11959905
2898
5484
6870646
22262
41049
68122

3078
17214
19596

2312
72075
14424067

72065
31513
9395
21722
5648
44097
2313
68778
12799846
34055
30729
11018
65814
2467
2780
71819
20737
4888
4095
21782
4090
47979
3778
8285
23314628
17507
71698
3033975
2904
222940
219095
2453
68749
3755

31800
4208
3282
68953
4514
11974
22174
2377
8593
5567
5353477
4249
5152290
187764
6762
35949
431097
71675
265249
36910
42553
5358751
6526
69550
3590
5842
11115
65687
5315
20059462
4059
26001
522463
616642
4417
26388
28329
14652
10239
71655
3283
2982
4626
23276343
13916
36054
11226
14707
71663
3001386
131411

71821
6258
28688
4478247
16473
3747
30160
9862937
4117
36976
4628
8434
16639
71954
297930
68780
70569
71264
2619
234783

4904
3033860
667493
107841
10010216
31508
53463862
36131
42884
5497
72051
21102
19646
65039
6093
9661
69594
494148
15139
5353500
604519
8083
5281087
67686
113918
816
38072
11259
4257
2569
21788
2725

30949
6125514
6857
3033988
25414
6431808
71919

8024
5581
5317
3116
6067
77254
3000579
65437
102551
68548
21912849
579666
72145
10404
65600
11777299
3026
4767
3649
11499
6127
2912
35935
123868
6433427
23480
5324
8966
12811517
2536
9571062
28892
6494
71899
5838
5902
13795
2310
17477
4855
7618
8251
83975
66384
6257
25229
4749
72014
4039
71490
3033952
5029
13713195
3926
60796
43814
72135
58258
5330
8756
36920
352555
182336
432140
71835
155774
65589
1981
17182
3169
32329
71636
3351
33630
2804
3195
10610
68760
84746

10630
41386
26618
685814
19254
3932
135445058
22530
3079
6374
5373
21720
2245
6488
8590
19396
2653
71195
4831
5353607
31796
7211
65979
104926
321132
65709
4084
38668
5251503
68093
16406
5372683
83435
12850146
4832
3275
5375785
450920
160134
5476
500080
21777
2194
5280933
5337997

273188
8708
3281376
17558
14309340
4659387
60172
83969
13314
64929
89683805
44571
9796068
7151
14759
247955
4382
39985
2541
67174894
13871033
44608289
10168002
58641927
59563729
74832745
11674976
25195253
9879175
74949684
10264356
122262
6012
5409
21873174
5483888
90489020
5689
252015
13675140
3262
3263
24420
3267
25229652
494027
2450
7239
8042
77074
62582
876
5113032
13505135
9818878
6351
4184551
15671
21854223
71219
71105
22609888
23581869
138566969
8925
2117
5281628
1832
57394020
57394021
118515511
11808
8400
60063
5443
2997
44404226
124186394
5799
6662
60870
60303
258809
86821
2527
458088
943
91158
296191
54678486
9865808
4553
3634
2520
71225
3949
5422
213040
1236
6450807
577181
125098
38258
16124
92141
185457
2286
7184
1203
6441454
9354
6213

24205
6438744
16118
5280450
1883
94335
346
7896
11171903
24869
641785
10475845
64987
18962645
925
13844304
836853
10661
24341
10199055
7814
403
4481461
2537
27304
62277
7188
1712058
7180
7175
7347
637566
637511
5315892
7888
853433
3301
7594
7573
92093
33344
61948
7232
8447
7619
12962084
23276983
128549
13044278
7456
4687013
69439
13041183
66743180
5369209
13422922
69046
135606
552087
612
2116
9942232
175
4240
961
1061
19660
14836715
3641
3642
625295
3645
12940545
5225092
3643
1117
26751

6585
9859093
78140854
11653580
521928
167704
114709
78320108
23297360
9797561
14231
85055392
6367

22761856
15686
8269
64783
136256
153005
4896
4898
4897
13156354
66645351
322539

19529
6422517
499988
3272
4474933
1875
61437
539225
24807
21982532
3680
8556
62871
22287852
71437923
26391
3170
2724
4686
18020
540766
71421
3433542
321727
3057
6448
5364783
74426
5805243
2367
8166
86793
102697
53461723
3268
11317439
70830586
3471
4641498
22246747
5351344
521440
3918
10424768
3004
31388
5218
629281
12317881
20317278
12562545
162137
67330092
2615
216210
5043
135521726
5315659
30219
622545
2543
4765
369373
667468
5284571
11708214
3966
875
76415573
9049
11315474
44602504
78102301
137147827
118161062

71622942
46848915
56960912
73330464
89539839
67083902
77461017
58266779
131634760
76525291
78322056
118572020
68677842
11682734
122482379
73224028
137061151
57331386
70681618
49846599
450173
60151477
71584930
16068204
73777259
49831257
58507717
9838389
56948249
67042336
70267
46840946
24967599
89985006


25190990
77461264
24875489
53391300
5150939
24946278
67501411
58212052
134715497
66555030
24780387
135565709
60143346
483499
67541698
146013863
123315041
76166212
57518393
86764100
16737780
11963742
73207115
11676349
123473753
59976760
70957463
71245288

135565042
117763040
132126209
11527519
450772

940
71580895
70798655
89964603
3395
9794086
67092788
72188743
67130749
51038316
9620351
76283707
53262401
76685198
57855696
72950887
49847911
91844684
60171485
138108296
91766
46916694
68207603
4118151
78156768
4147757
76022378
24744336
91003699
44633765
52913929
118116862
71059746
71532675
135905454
25212148
65650
74834073
24984970
58230583
51030730
75951886
135408877
15983287
75232419
5281872
72386069
10107393
25099191
20776304
123297327
68156267
56846693
44230999
854
17747130
71611869
121488186
78073447
123808473
23167
1101
76829165
11567064
20642899
24764487
11644726
10303232
86705695
123375347
52920501


49792852
450349
496847
86352
9976892
56639723
44207228
76641559
68109743

4885

25171648
117796774
16203737
134692379
71470491
123519051
42622922
71262247
46836227
78137072
54588805
50943662
57775240
67409216
2826731
68492990
23276756
71228883
118029202
71479709
54576693
138682019
44123754
57384863
56839178
19704956
52933585
126495573
67396391
72665006
5279171
4095
5281249
450656
66686093
18711773
18000481
123474062
25052023
70686907
22591684
11397705
90343550
118598754
44126305
90194381
76189303
60148723
54755435
75055704
91757
71577426
118023133
57380301
220001
90446151
72679443
18438881
91885568
6124301
138737632
10343454
16719221
72681883
11826859
9836970
56961879
57569468
72696796
72319110
25073775
137795660
2735289
78160832

13821805
66548125
9819685
10819
117760567
135565465
1549120
73321258
86343885
11447179
72322048
67998654
3649
19077146
118513932
77442841
16659285
54766013
11700495
612745
74398792
11360300

23106477
52939580
72734520
77548337
23633672
5280373
5280378
11595757
1576
142750824
69362
24890995
71617205
121293930
46189893
126674815
11599323
60809
90409365
639665
449698
118574930
123994837
25065981
46929282
14009404
25182860
77504937
68446443
9808844
14986
71475839
9873754
71548617
123795714
90420193
449976
70559604
11639961
24748573
4932
77987166
3578572
25191001
50943003
118599735
11212252
74379282
386483
1133
126608248
118196502
45934369
77896051
76057148
68029831
134606452
8614
9820008
24749700
11338127
53340426
60199136
54674461
46186778
9475
67332720